time,ip_source,ip_destination,size,protocol,src_port
0.0,172.19.0.4,172.19.0.3,74,TCP,55762
1.5020370483398438e-05,172.19.0.3,172.19.0.4,54,TCP,8000
5.005844831466675,172.19.0.4,172.19.0.3,74,TCP,55766
5.005858898162842,172.19.0.3,172.19.0.4,54,TCP,8000
10.011592864990234,172.19.0.4,172.19.0.3,74,TCP,35780
10.011611938476562,172.19.0.3,172.19.0.4,74,TCP,8000
10.011624813079834,172.19.0.4,172.19.0.3,66,TCP,35780
10.011657953262329,172.19.0.4,172.19.0.3,168,TCP,35780
10.011660814285278,172.19.0.3,172.19.0.4,66,TCP,8000
10.014098882675171,172.19.0.3,172.19.0.4,191,TCP,8000
10.014134883880615,172.19.0.4,172.19.0.3,66,TCP,35780
10.014164924621582,172.19.0.3,172.19.0.4,131,TCP,8000
10.014169931411743,172.19.0.4,172.19.0.3,66,TCP,35780
10.014519929885864,172.19.0.4,172.19.0.3,66,TCP,35780
10.014604806900024,172.19.0.3,172.19.0.4,66,TCP,8000
10.014617919921875,172.19.0.4,172.19.0.3,66,TCP,35780
10.014966011047363,172.19.0.4,172.19.0.3,74,TCP,35792
10.014972925186157,172.19.0.3,172.19.0.4,74,TCP,8000
10.014981031417847,172.19.0.4,172.19.0.3,66,TCP,35792
10.014997959136963,172.19.0.4,172.19.0.3,276,TCP,35792
10.014999866485596,172.19.0.3,172.19.0.4,66,TCP,8000
10.015009880065918,172.19.0.4,172.19.0.3,197,TCP,35792
10.015012979507446,172.19.0.3,172.19.0.4,66,TCP,8000
10.022281885147095,172.19.0.3,172.19.0.4,287,TCP,8000
10.0223069190979,172.19.0.4,172.19.0.3,66,TCP,35792
10.97013783454895,172.19.0.3,172.19.0.4,157,TCP,8000
10.970170974731445,172.19.0.4,172.19.0.3,66,TCP,35792
11.26887583732605,172.19.0.3,172.19.0.4,164,TCP,8000
11.268905878067017,172.19.0.4,172.19.0.3,66,TCP,35792
11.32211184501648,172.19.0.3,172.19.0.4,160,TCP,8000
11.322134017944336,172.19.0.4,172.19.0.3,66,TCP,35792
11.373811960220337,172.19.0.3,172.19.0.4,161,TCP,8000
11.37382984161377,172.19.0.4,172.19.0.3,66,TCP,35792
11.424921035766602,172.19.0.3,172.19.0.4,158,TCP,8000
11.424937963485718,172.19.0.4,172.19.0.3,66,TCP,35792
11.476034879684448,172.19.0.3,172.19.0.4,160,TCP,8000
11.476051807403564,172.19.0.4,172.19.0.3,66,TCP,35792
11.526841878890991,172.19.0.3,172.19.0.4,160,TCP,8000
11.526857852935791,172.19.0.4,172.19.0.3,66,TCP,35792
11.577677011489868,172.19.0.3,172.19.0.4,159,TCP,8000
11.577692985534668,172.19.0.4,172.19.0.3,66,TCP,35792
11.679131984710693,172.19.0.3,172.19.0.4,162,TCP,8000
11.679149866104126,172.19.0.4,172.19.0.3,66,TCP,35792
11.729979991912842,172.19.0.3,172.19.0.4,160,TCP,8000
11.729997873306274,172.19.0.4,172.19.0.3,66,TCP,35792
11.780828952789307,172.19.0.3,172.19.0.4,161,TCP,8000
11.780844926834106,172.19.0.4,172.19.0.3,66,TCP,35792
11.867163896560669,172.19.0.3,172.19.0.4,160,TCP,8000
11.867188930511475,172.19.0.4,172.19.0.3,66,TCP,35792
11.922639846801758,172.19.0.3,172.19.0.4,163,TCP,8000
11.92265796661377,172.19.0.4,172.19.0.3,66,TCP,35792
12.192147016525269,172.19.0.3,172.19.0.4,159,TCP,8000
12.192176818847656,172.19.0.4,172.19.0.3,66,TCP,35792
12.547727823257446,172.19.0.3,172.19.0.4,164,TCP,8000
12.547757863998413,172.19.0.4,172.19.0.3,66,TCP,35792
12.600170850753784,172.19.0.3,172.19.0.4,164,TCP,8000
12.600190877914429,172.19.0.4,172.19.0.3,66,TCP,35792
12.658913850784302,172.19.0.3,172.19.0.4,160,TCP,8000
12.658943891525269,172.19.0.4,172.19.0.3,66,TCP,35792
12.711378812789917,172.19.0.3,172.19.0.4,159,TCP,8000
12.711403846740723,172.19.0.4,172.19.0.3,66,TCP,35792
12.81511402130127,172.19.0.3,172.19.0.4,162,TCP,8000
12.81513786315918,172.19.0.4,172.19.0.3,66,TCP,35792
12.866029977798462,172.19.0.3,172.19.0.4,160,TCP,8000
12.866045951843262,172.19.0.4,172.19.0.3,66,TCP,35792
12.916566848754883,172.19.0.3,172.19.0.4,159,TCP,8000
12.916582822799683,172.19.0.4,172.19.0.3,66,TCP,35792
13.016861915588379,172.19.0.3,172.19.0.4,160,TCP,8000
13.016877889633179,172.19.0.4,172.19.0.3,66,TCP,35792
13.067164897918701,172.19.0.3,172.19.0.4,162,TCP,8000
13.067185878753662,172.19.0.4,172.19.0.3,66,TCP,35792
13.11748194694519,172.19.0.3,172.19.0.4,160,TCP,8000
13.117498874664307,172.19.0.4,172.19.0.3,66,TCP,35792
13.167801856994629,172.19.0.3,172.19.0.4,162,TCP,8000
13.167817831039429,172.19.0.4,172.19.0.3,66,TCP,35792
13.220048904418945,172.19.0.3,172.19.0.4,160,TCP,8000
13.220064878463745,172.19.0.4,172.19.0.3,66,TCP,35792
13.299562931060791,172.19.0.3,172.19.0.4,165,TCP,8000
13.29958200454712,172.19.0.4,172.19.0.3,66,TCP,35792
13.349969863891602,172.19.0.3,172.19.0.4,160,TCP,8000
13.349989891052246,172.19.0.4,172.19.0.3,66,TCP,35792
13.400475978851318,172.19.0.3,172.19.0.4,161,TCP,8000
13.400493860244751,172.19.0.4,172.19.0.3,66,TCP,35792
13.506285905838013,172.19.0.3,172.19.0.4,162,TCP,8000
13.506312847137451,172.19.0.4,172.19.0.3,66,TCP,35792
13.557068824768066,172.19.0.3,172.19.0.4,158,TCP,8000
13.557111978530884,172.19.0.4,172.19.0.3,66,TCP,35792
13.657907009124756,172.19.0.3,172.19.0.4,161,TCP,8000
13.658028841018677,172.19.0.4,172.19.0.3,66,TCP,35792
13.708465814590454,172.19.0.3,172.19.0.4,159,TCP,8000
13.708590030670166,172.19.0.4,172.19.0.3,66,TCP,35792
13.759016990661621,172.19.0.3,172.19.0.4,161,TCP,8000
13.759130954742432,172.19.0.4,172.19.0.3,66,TCP,35792
13.80970287322998,172.19.0.3,172.19.0.4,160,TCP,8000
13.809828042984009,172.19.0.4,172.19.0.3,66,TCP,35792
13.860602855682373,172.19.0.3,172.19.0.4,160,TCP,8000
13.860728979110718,172.19.0.4,172.19.0.3,66,TCP,35792
13.96186900138855,172.19.0.3,172.19.0.4,161,TCP,8000
13.961915969848633,172.19.0.4,172.19.0.3,66,TCP,35792
14.012694835662842,172.19.0.3,172.19.0.4,160,TCP,8000
14.012815952301025,172.19.0.4,172.19.0.3,66,TCP,35792
14.065598964691162,172.19.0.3,172.19.0.4,161,TCP,8000
14.065724849700928,172.19.0.4,172.19.0.3,66,TCP,35792
14.116199970245361,172.19.0.3,172.19.0.4,159,TCP,8000
14.116329908370972,172.19.0.4,172.19.0.3,66,TCP,35792
14.463497877120972,172.19.0.3,172.19.0.4,161,TCP,8000
14.463526010513306,172.19.0.4,172.19.0.3,66,TCP,35792
14.515137910842896,172.19.0.3,172.19.0.4,161,TCP,8000
14.515156030654907,172.19.0.4,172.19.0.3,66,TCP,35792
14.565737962722778,172.19.0.3,172.19.0.4,164,TCP,8000
14.565755844116211,172.19.0.4,172.19.0.3,66,TCP,35792
14.616317987442017,172.19.0.3,172.19.0.4,160,TCP,8000
14.61633586883545,172.19.0.4,172.19.0.3,66,TCP,35792
14.666810989379883,172.19.0.3,172.19.0.4,163,TCP,8000
14.666829824447632,172.19.0.4,172.19.0.3,66,TCP,35792
14.768028974533081,172.19.0.3,172.19.0.4,160,TCP,8000
14.768049001693726,172.19.0.4,172.19.0.3,66,TCP,35792
14.818749904632568,172.19.0.3,172.19.0.4,160,TCP,8000
14.81876802444458,172.19.0.4,172.19.0.3,66,TCP,35792
14.8695650100708,172.19.0.3,172.19.0.4,159,TCP,8000
14.86958384513855,172.19.0.4,172.19.0.3,66,TCP,35792
14.97144889831543,172.19.0.3,172.19.0.4,161,TCP,8000
14.971472978591919,172.19.0.4,172.19.0.3,66,TCP,35792
15.02279782295227,172.19.0.3,172.19.0.4,162,TCP,8000
15.022820949554443,172.19.0.4,172.19.0.3,66,TCP,35792
15.077415943145752,172.19.0.3,172.19.0.4,160,TCP,8000
15.07743501663208,172.19.0.4,172.19.0.3,66,TCP,35792
15.128289937973022,172.19.0.3,172.19.0.4,162,TCP,8000
15.128306865692139,172.19.0.4,172.19.0.3,66,TCP,35792
15.178961038589478,172.19.0.3,172.19.0.4,160,TCP,8000
15.178977012634277,172.19.0.4,172.19.0.3,66,TCP,35792
15.23061990737915,172.19.0.3,172.19.0.4,165,TCP,8000
15.230636835098267,172.19.0.4,172.19.0.3,66,TCP,35792
15.333478927612305,172.19.0.3,172.19.0.4,161,TCP,8000
15.333498001098633,172.19.0.4,172.19.0.3,66,TCP,35792
15.384169816970825,172.19.0.3,172.19.0.4,161,TCP,8000
15.38418698310852,172.19.0.4,172.19.0.3,66,TCP,35792
15.434999942779541,172.19.0.3,172.19.0.4,164,TCP,8000
15.435150861740112,172.19.0.4,172.19.0.3,66,TCP,35792
15.48572587966919,172.19.0.3,172.19.0.4,159,TCP,8000
15.485850811004639,172.19.0.4,172.19.0.3,66,TCP,35792
15.536662817001343,172.19.0.3,172.19.0.4,164,TCP,8000
15.536783933639526,172.19.0.4,172.19.0.3,66,TCP,35792
15.587661027908325,172.19.0.3,172.19.0.4,162,TCP,8000
15.587785959243774,172.19.0.4,172.19.0.3,66,TCP,35792
15.638603925704956,172.19.0.3,172.19.0.4,163,TCP,8000
15.638731002807617,172.19.0.4,172.19.0.3,66,TCP,35792
15.689880847930908,172.19.0.3,172.19.0.4,162,TCP,8000
15.690006017684937,172.19.0.4,172.19.0.3,66,TCP,35792
15.740875005722046,172.19.0.3,172.19.0.4,159,TCP,8000
15.740916967391968,172.19.0.4,172.19.0.3,66,TCP,35792
15.7917640209198,172.19.0.3,172.19.0.4,164,TCP,8000
15.791887998580933,172.19.0.4,172.19.0.3,66,TCP,35792
15.846274852752686,172.19.0.3,172.19.0.4,159,TCP,8000
15.846407890319824,172.19.0.4,172.19.0.3,66,TCP,35792
15.89723801612854,172.19.0.3,172.19.0.4,166,TCP,8000
15.897363901138306,172.19.0.4,172.19.0.3,66,TCP,35792
15.94828486442566,172.19.0.3,172.19.0.4,159,TCP,8000
15.948415040969849,172.19.0.4,172.19.0.3,66,TCP,35792
15.99928593635559,172.19.0.3,172.19.0.4,165,TCP,8000
15.999413967132568,172.19.0.4,172.19.0.3,66,TCP,35792
16.05015802383423,172.19.0.3,172.19.0.4,170,TCP,8000
16.050278902053833,172.19.0.4,172.19.0.3,66,TCP,35792
16.202785968780518,172.19.0.3,172.19.0.4,166,TCP,8000
16.202924966812134,172.19.0.4,172.19.0.3,66,TCP,35792
16.25352191925049,172.19.0.3,172.19.0.4,159,TCP,8000
16.25364589691162,172.19.0.4,172.19.0.3,66,TCP,35792
16.304466009140015,172.19.0.3,172.19.0.4,158,TCP,8000
16.30462098121643,172.19.0.4,172.19.0.3,66,TCP,35792
16.355657815933228,172.19.0.3,172.19.0.4,163,TCP,8000
16.3557870388031,172.19.0.4,172.19.0.3,66,TCP,35792
16.407305002212524,172.19.0.3,172.19.0.4,159,TCP,8000
16.40743899345398,172.19.0.4,172.19.0.3,66,TCP,35792
16.458199977874756,172.19.0.3,172.19.0.4,164,TCP,8000
16.458323001861572,172.19.0.4,172.19.0.3,66,TCP,35792
16.509310960769653,172.19.0.3,172.19.0.4,165,TCP,8000
16.509431838989258,172.19.0.4,172.19.0.3,66,TCP,35792
16.563228845596313,172.19.0.3,172.19.0.4,162,TCP,8000
16.56334686279297,172.19.0.4,172.19.0.3,66,TCP,35792
16.61444592475891,172.19.0.3,172.19.0.4,158,TCP,8000
16.614574909210205,172.19.0.4,172.19.0.3,66,TCP,35792
16.670394897460938,172.19.0.3,172.19.0.4,165,TCP,8000
16.670547008514404,172.19.0.4,172.19.0.3,66,TCP,35792
16.72105598449707,172.19.0.3,172.19.0.4,164,TCP,8000
16.721179008483887,172.19.0.4,172.19.0.3,66,TCP,35792
16.772066831588745,172.19.0.3,172.19.0.4,159,TCP,8000
16.772190809249878,172.19.0.4,172.19.0.3,66,TCP,35792
16.82283902168274,172.19.0.3,172.19.0.4,166,TCP,8000
16.822958946228027,172.19.0.4,172.19.0.3,66,TCP,35792
16.87380599975586,172.19.0.3,172.19.0.4,159,TCP,8000
16.873941898345947,172.19.0.4,172.19.0.3,66,TCP,35792
16.924664974212646,172.19.0.3,172.19.0.4,164,TCP,8000
16.92478895187378,172.19.0.4,172.19.0.3,66,TCP,35792
16.975744009017944,172.19.0.3,172.19.0.4,166,TCP,8000
16.975863933563232,172.19.0.4,172.19.0.3,66,TCP,35792
17.02675199508667,172.19.0.3,172.19.0.4,159,TCP,8000
17.02688193321228,172.19.0.4,172.19.0.3,66,TCP,35792
17.0781569480896,172.19.0.3,172.19.0.4,160,TCP,8000
17.078279972076416,172.19.0.4,172.19.0.3,66,TCP,35792
17.129149913787842,172.19.0.3,172.19.0.4,161,TCP,8000
17.129271030426025,172.19.0.4,172.19.0.3,66,TCP,35792
17.230464935302734,172.19.0.3,172.19.0.4,165,TCP,8000
17.230589866638184,172.19.0.4,172.19.0.3,66,TCP,35792
17.33222985267639,172.19.0.3,172.19.0.4,161,TCP,8000
17.33235192298889,172.19.0.4,172.19.0.3,66,TCP,35792
17.383214950561523,172.19.0.3,172.19.0.4,161,TCP,8000
17.383330821990967,172.19.0.4,172.19.0.3,66,TCP,35792
17.43668293952942,172.19.0.3,172.19.0.4,161,TCP,8000
17.436807870864868,172.19.0.4,172.19.0.3,66,TCP,35792
17.487465858459473,172.19.0.3,172.19.0.4,160,TCP,8000
17.48758888244629,172.19.0.4,172.19.0.3,66,TCP,35792
17.538291931152344,172.19.0.3,172.19.0.4,161,TCP,8000
17.538424968719482,172.19.0.4,172.19.0.3,66,TCP,35792
17.6182279586792,172.19.0.3,172.19.0.4,158,TCP,8000
17.618347883224487,172.19.0.4,172.19.0.3,66,TCP,35792
17.66916799545288,172.19.0.3,172.19.0.4,160,TCP,8000
17.6692898273468,172.19.0.4,172.19.0.3,66,TCP,35792
17.77166485786438,172.19.0.3,172.19.0.4,164,TCP,8000
17.771801948547363,172.19.0.4,172.19.0.3,66,TCP,35792
17.82309603691101,172.19.0.3,172.19.0.4,160,TCP,8000
17.82322096824646,172.19.0.4,172.19.0.3,66,TCP,35792
17.87428903579712,172.19.0.3,172.19.0.4,160,TCP,8000
17.874425888061523,172.19.0.4,172.19.0.3,66,TCP,35792
17.928591012954712,172.19.0.3,172.19.0.4,162,TCP,8000
17.92871403694153,172.19.0.4,172.19.0.3,66,TCP,35792
17.979295015335083,172.19.0.3,172.19.0.4,159,TCP,8000
17.97933602333069,172.19.0.4,172.19.0.3,66,TCP,35792
18.02990198135376,172.19.0.3,172.19.0.4,161,TCP,8000
18.03002381324768,172.19.0.4,172.19.0.3,66,TCP,35792
18.08038091659546,172.19.0.3,172.19.0.4,161,TCP,8000
18.080533981323242,172.19.0.4,172.19.0.3,66,TCP,35792
18.131212949752808,172.19.0.3,172.19.0.4,164,TCP,8000
18.131332874298096,172.19.0.4,172.19.0.3,66,TCP,35792
18.181859970092773,172.19.0.3,172.19.0.4,163,TCP,8000
18.1819748878479,172.19.0.4,172.19.0.3,66,TCP,35792
18.235520839691162,172.19.0.3,172.19.0.4,161,TCP,8000
18.2356698513031,172.19.0.4,172.19.0.3,66,TCP,35792
18.286437034606934,172.19.0.3,172.19.0.4,160,TCP,8000
18.2865629196167,172.19.0.4,172.19.0.3,66,TCP,35792
18.3371160030365,172.19.0.3,172.19.0.4,163,TCP,8000
18.33723783493042,172.19.0.4,172.19.0.3,66,TCP,35792
18.38801383972168,172.19.0.3,172.19.0.4,159,TCP,8000
18.388139009475708,172.19.0.4,172.19.0.3,66,TCP,35792
18.490104913711548,172.19.0.3,172.19.0.4,163,TCP,8000
18.49024200439453,172.19.0.4,172.19.0.3,66,TCP,35792
18.541049003601074,172.19.0.3,172.19.0.4,161,TCP,8000
18.54117703437805,172.19.0.4,172.19.0.3,66,TCP,35792
18.642653942108154,172.19.0.3,172.19.0.4,163,TCP,8000
18.642772912979126,172.19.0.4,172.19.0.3,66,TCP,35792
18.693277835845947,172.19.0.3,172.19.0.4,163,TCP,8000
18.693403959274292,172.19.0.4,172.19.0.3,66,TCP,35792
18.744622945785522,172.19.0.3,172.19.0.4,160,TCP,8000
18.74466300010681,172.19.0.4,172.19.0.3,66,TCP,35792
18.795455932617188,172.19.0.3,172.19.0.4,164,TCP,8000
18.795573949813843,172.19.0.4,172.19.0.3,66,TCP,35792
18.89709997177124,172.19.0.3,172.19.0.4,164,TCP,8000
18.89722490310669,172.19.0.4,172.19.0.3,66,TCP,35792
18.95192003250122,172.19.0.3,172.19.0.4,160,TCP,8000
18.952064037322998,172.19.0.4,172.19.0.3,66,TCP,35792
19.01059603691101,172.19.0.3,172.19.0.4,160,TCP,8000
19.01073384284973,172.19.0.4,172.19.0.3,66,TCP,35792
19.071911811828613,172.19.0.3,172.19.0.4,160,TCP,8000
19.07205080986023,172.19.0.4,172.19.0.3,66,TCP,35792
19.132624864578247,172.19.0.3,172.19.0.4,161,TCP,8000
19.132768869400024,172.19.0.4,172.19.0.3,66,TCP,35792
19.192945957183838,172.19.0.3,172.19.0.4,165,TCP,8000
19.1930890083313,172.19.0.4,172.19.0.3,66,TCP,35792
19.25009799003601,172.19.0.3,172.19.0.4,159,TCP,8000
19.2502338886261,172.19.0.4,172.19.0.3,66,TCP,35792
19.301947832107544,172.19.0.3,172.19.0.4,162,TCP,8000
19.302068948745728,172.19.0.4,172.19.0.3,66,TCP,35792
19.355063915252686,172.19.0.3,172.19.0.4,160,TCP,8000
19.355180025100708,172.19.0.4,172.19.0.3,66,TCP,35792
19.405802011489868,172.19.0.3,172.19.0.4,163,TCP,8000
19.405938863754272,172.19.0.4,172.19.0.3,66,TCP,35792
19.45660400390625,172.19.0.3,172.19.0.4,165,TCP,8000
19.456724882125854,172.19.0.4,172.19.0.3,66,TCP,35792
19.55771803855896,172.19.0.3,172.19.0.4,159,TCP,8000
19.557847023010254,172.19.0.4,172.19.0.3,66,TCP,35792
19.659147024154663,172.19.0.3,172.19.0.4,169,TCP,8000
19.659276008605957,172.19.0.4,172.19.0.3,66,TCP,35792
19.70980191230774,172.19.0.3,172.19.0.4,166,TCP,8000
19.709925889968872,172.19.0.4,172.19.0.3,66,TCP,35792
19.76045298576355,172.19.0.3,172.19.0.4,159,TCP,8000
19.760571002960205,172.19.0.4,172.19.0.3,66,TCP,35792
19.810993909835815,172.19.0.3,172.19.0.4,161,TCP,8000
19.811110973358154,172.19.0.4,172.19.0.3,66,TCP,35792
19.86613392829895,172.19.0.3,172.19.0.4,159,TCP,8000
19.86627984046936,172.19.0.4,172.19.0.3,66,TCP,35792
19.917133808135986,172.19.0.3,172.19.0.4,162,TCP,8000
19.917289972305298,172.19.0.4,172.19.0.3,66,TCP,35792
19.96809196472168,172.19.0.3,172.19.0.4,165,TCP,8000
19.96821689605713,172.19.0.4,172.19.0.3,66,TCP,35792
20.019114017486572,172.19.0.3,172.19.0.4,161,TCP,8000
20.019239902496338,172.19.0.4,172.19.0.3,66,TCP,35792
20.06992197036743,172.19.0.3,172.19.0.4,160,TCP,8000
20.07004690170288,172.19.0.4,172.19.0.3,66,TCP,35792
20.12043786048889,172.19.0.3,172.19.0.4,159,TCP,8000
20.120478868484497,172.19.0.4,172.19.0.3,66,TCP,35792
20.1711528301239,172.19.0.3,172.19.0.4,163,TCP,8000
20.17127299308777,172.19.0.4,172.19.0.3,66,TCP,35792
20.22188401222229,172.19.0.3,172.19.0.4,161,TCP,8000
20.222002029418945,172.19.0.4,172.19.0.3,66,TCP,35792
20.272316932678223,172.19.0.3,172.19.0.4,161,TCP,8000
20.272449016571045,172.19.0.4,172.19.0.3,66,TCP,35792
20.322927951812744,172.19.0.3,172.19.0.4,164,TCP,8000
20.323052883148193,172.19.0.4,172.19.0.3,66,TCP,35792
20.474432945251465,172.19.0.3,172.19.0.4,169,TCP,8000
20.474568843841553,172.19.0.4,172.19.0.3,66,TCP,35792
20.52480983734131,172.19.0.3,172.19.0.4,161,TCP,8000
20.524935007095337,172.19.0.4,172.19.0.3,66,TCP,35792
20.575385808944702,172.19.0.3,172.19.0.4,160,TCP,8000
20.57550597190857,172.19.0.4,172.19.0.3,66,TCP,35792
20.627511978149414,172.19.0.3,172.19.0.4,164,TCP,8000
20.62756896018982,172.19.0.4,172.19.0.3,66,TCP,35792
20.684283018112183,172.19.0.3,172.19.0.4,159,TCP,8000
20.68440294265747,172.19.0.4,172.19.0.3,66,TCP,35792
20.73528003692627,172.19.0.3,172.19.0.4,160,TCP,8000
20.735405921936035,172.19.0.4,172.19.0.3,66,TCP,35792
20.7862389087677,172.19.0.3,172.19.0.4,165,TCP,8000
20.786356925964355,172.19.0.4,172.19.0.3,66,TCP,35792
20.887789011001587,172.19.0.3,172.19.0.4,165,TCP,8000
20.88791298866272,172.19.0.4,172.19.0.3,66,TCP,35792
20.938429832458496,172.19.0.3,172.19.0.4,160,TCP,8000
20.93855595588684,172.19.0.4,172.19.0.3,66,TCP,35792
21.039875030517578,172.19.0.3,172.19.0.4,165,TCP,8000
21.03999900817871,172.19.0.4,172.19.0.3,66,TCP,35792
21.09049391746521,172.19.0.3,172.19.0.4,164,TCP,8000
21.090610027313232,172.19.0.4,172.19.0.3,66,TCP,35792
21.141275882720947,172.19.0.3,172.19.0.4,160,TCP,8000
21.14140295982361,172.19.0.4,172.19.0.3,66,TCP,35792
21.19230890274048,172.19.0.3,172.19.0.4,161,TCP,8000
21.192437887191772,172.19.0.4,172.19.0.3,66,TCP,35792
21.242995977401733,172.19.0.3,172.19.0.4,159,TCP,8000
21.243119955062866,172.19.0.4,172.19.0.3,66,TCP,35792
21.29390287399292,172.19.0.3,172.19.0.4,166,TCP,8000
21.29402804374695,172.19.0.4,172.19.0.3,66,TCP,35792
21.344949960708618,172.19.0.3,172.19.0.4,160,TCP,8000
21.345075845718384,172.19.0.4,172.19.0.3,66,TCP,35792
21.396041870117188,172.19.0.3,172.19.0.4,166,TCP,8000
21.396167993545532,172.19.0.4,172.19.0.3,66,TCP,35792
21.45072102546692,172.19.0.3,172.19.0.4,159,TCP,8000
21.450850009918213,172.19.0.4,172.19.0.3,66,TCP,35792
21.501730918884277,172.19.0.3,172.19.0.4,158,TCP,8000
21.501847982406616,172.19.0.4,172.19.0.3,66,TCP,35792
21.55243682861328,172.19.0.3,172.19.0.4,163,TCP,8000
21.552563905715942,172.19.0.4,172.19.0.3,66,TCP,35792
21.65435290336609,172.19.0.3,172.19.0.4,163,TCP,8000
21.65447688102722,172.19.0.4,172.19.0.3,66,TCP,35792
21.705271005630493,172.19.0.3,172.19.0.4,159,TCP,8000
21.705387830734253,172.19.0.4,172.19.0.3,66,TCP,35792
21.757234811782837,172.19.0.3,172.19.0.4,160,TCP,8000
21.757362842559814,172.19.0.4,172.19.0.3,66,TCP,35792
21.80782699584961,172.19.0.3,172.19.0.4,164,TCP,8000
21.807945013046265,172.19.0.4,172.19.0.3,66,TCP,35792
21.85843300819397,172.19.0.3,172.19.0.4,159,TCP,8000
21.858561038970947,172.19.0.4,172.19.0.3,66,TCP,35792
21.909129858016968,172.19.0.3,172.19.0.4,160,TCP,8000
21.9092538356781,172.19.0.4,172.19.0.3,66,TCP,35792
21.95983099937439,172.19.0.3,172.19.0.4,165,TCP,8000
21.95995283126831,172.19.0.4,172.19.0.3,66,TCP,35792
22.01048493385315,172.19.0.3,172.19.0.4,165,TCP,8000
22.010605812072754,172.19.0.4,172.19.0.3,66,TCP,35792
22.063982009887695,172.19.0.3,172.19.0.4,161,TCP,8000
22.06410789489746,172.19.0.4,172.19.0.3,66,TCP,35792
22.115548849105835,172.19.0.3,172.19.0.4,161,TCP,8000
22.11567187309265,172.19.0.4,172.19.0.3,66,TCP,35792
22.16598892211914,172.19.0.3,172.19.0.4,159,TCP,8000
22.166110038757324,172.19.0.4,172.19.0.3,66,TCP,35792
22.21645998954773,172.19.0.3,172.19.0.4,162,TCP,8000
22.216579914093018,172.19.0.4,172.19.0.3,66,TCP,35792
22.26981782913208,172.19.0.3,172.19.0.4,159,TCP,8000
22.269940853118896,172.19.0.4,172.19.0.3,66,TCP,35792
22.32032299041748,172.19.0.3,172.19.0.4,161,TCP,8000
22.320448875427246,172.19.0.4,172.19.0.3,66,TCP,35792
22.42141890525818,172.19.0.3,172.19.0.4,165,TCP,8000
22.421545028686523,172.19.0.4,172.19.0.3,66,TCP,35792
22.471974849700928,172.19.0.3,172.19.0.4,160,TCP,8000
22.47209596633911,172.19.0.4,172.19.0.3,66,TCP,35792
22.522696018218994,172.19.0.3,172.19.0.4,160,TCP,8000
22.52282190322876,172.19.0.4,172.19.0.3,66,TCP,35792
22.57328486442566,172.19.0.3,172.19.0.4,160,TCP,8000
22.57340383529663,172.19.0.4,172.19.0.3,66,TCP,35792
22.62411093711853,172.19.0.3,172.19.0.4,166,TCP,8000
22.624234914779663,172.19.0.4,172.19.0.3,66,TCP,35792
22.674896955490112,172.19.0.3,172.19.0.4,159,TCP,8000
22.67502188682556,172.19.0.4,172.19.0.3,66,TCP,35792
22.725611925125122,172.19.0.3,172.19.0.4,162,TCP,8000
22.72574281692505,172.19.0.4,172.19.0.3,66,TCP,35792
22.776975870132446,172.19.0.3,172.19.0.4,161,TCP,8000
22.777098894119263,172.19.0.4,172.19.0.3,66,TCP,35792
22.82768988609314,172.19.0.3,172.19.0.4,164,TCP,8000
22.82781481742859,172.19.0.4,172.19.0.3,66,TCP,35792
22.878137826919556,172.19.0.3,172.19.0.4,159,TCP,8000
22.878262042999268,172.19.0.4,172.19.0.3,66,TCP,35792
22.92863702774048,172.19.0.3,172.19.0.4,165,TCP,8000
22.928764820098877,172.19.0.4,172.19.0.3,66,TCP,35792
22.97921895980835,172.19.0.3,172.19.0.4,159,TCP,8000
22.979347944259644,172.19.0.4,172.19.0.3,66,TCP,35792
23.03202486038208,172.19.0.3,172.19.0.4,161,TCP,8000
23.03207302093506,172.19.0.4,172.19.0.3,66,TCP,35792
23.08310890197754,172.19.0.3,172.19.0.4,161,TCP,8000
23.083228826522827,172.19.0.4,172.19.0.3,66,TCP,35792
23.133672952651978,172.19.0.3,172.19.0.4,164,TCP,8000
23.13380002975464,172.19.0.4,172.19.0.3,66,TCP,35792
23.28546380996704,172.19.0.3,172.19.0.4,169,TCP,8000
23.28559398651123,172.19.0.4,172.19.0.3,66,TCP,35792
23.336050987243652,172.19.0.3,172.19.0.4,159,TCP,8000
23.336171865463257,172.19.0.4,172.19.0.3,66,TCP,35792
23.387009859085083,172.19.0.3,172.19.0.4,168,TCP,8000
23.387133836746216,172.19.0.4,172.19.0.3,66,TCP,35792
23.439679861068726,172.19.0.3,172.19.0.4,160,TCP,8000
23.43981099128723,172.19.0.4,172.19.0.3,66,TCP,35792
23.49145793914795,172.19.0.3,172.19.0.4,166,TCP,8000
23.49157691001892,172.19.0.4,172.19.0.3,66,TCP,35792
23.542054891586304,172.19.0.3,172.19.0.4,159,TCP,8000
23.54217791557312,172.19.0.4,172.19.0.3,66,TCP,35792
23.592686891555786,172.19.0.3,172.19.0.4,164,TCP,8000
23.592801809310913,172.19.0.4,172.19.0.3,66,TCP,35792
23.643182039260864,172.19.0.3,172.19.0.4,166,TCP,8000
23.64331293106079,172.19.0.4,172.19.0.3,66,TCP,35792
23.74423384666443,172.19.0.3,172.19.0.4,159,TCP,8000
23.744359016418457,172.19.0.4,172.19.0.3,66,TCP,35792
23.794834852218628,172.19.0.3,172.19.0.4,167,TCP,8000
23.794960975646973,172.19.0.4,172.19.0.3,66,TCP,35792
23.847654819488525,172.19.0.3,172.19.0.4,160,TCP,8000
23.847779035568237,172.19.0.4,172.19.0.3,66,TCP,35792
23.89817190170288,172.19.0.3,172.19.0.4,166,TCP,8000
23.898294925689697,172.19.0.4,172.19.0.3,66,TCP,35792
23.999560832977295,172.19.0.3,172.19.0.4,163,TCP,8000
23.9996919631958,172.19.0.4,172.19.0.3,66,TCP,35792
24.10181498527527,172.19.0.3,172.19.0.4,162,TCP,8000
24.101943969726562,172.19.0.4,172.19.0.3,66,TCP,35792
24.152923822402954,172.19.0.3,172.19.0.4,159,TCP,8000
24.15305995941162,172.19.0.4,172.19.0.3,66,TCP,35792
24.203924894332886,172.19.0.3,172.19.0.4,161,TCP,8000
24.204046964645386,172.19.0.4,172.19.0.3,66,TCP,35792
24.254909992218018,172.19.0.3,172.19.0.4,159,TCP,8000
24.255026817321777,172.19.0.4,172.19.0.3,66,TCP,35792
24.305770874023438,172.19.0.3,172.19.0.4,160,TCP,8000
24.305886030197144,172.19.0.4,172.19.0.3,66,TCP,35792
24.356153964996338,172.19.0.3,172.19.0.4,160,TCP,8000
24.356274843215942,172.19.0.4,172.19.0.3,66,TCP,35792
24.75619101524353,172.19.0.3,172.19.0.4,159,TCP,8000
24.75622296333313,172.19.0.4,172.19.0.3,66,TCP,35792
24.8103449344635,172.19.0.3,172.19.0.4,161,TCP,8000
24.81036400794983,172.19.0.4,172.19.0.3,66,TCP,35792
24.914515018463135,172.19.0.3,172.19.0.4,165,TCP,8000
24.914541006088257,172.19.0.4,172.19.0.3,66,TCP,35792
24.966495990753174,172.19.0.3,172.19.0.4,159,TCP,8000
24.966514825820923,172.19.0.4,172.19.0.3,66,TCP,35792
25.018151998519897,172.19.0.3,172.19.0.4,161,TCP,8000
25.018168926239014,172.19.0.4,172.19.0.3,66,TCP,35792
25.069875955581665,172.19.0.3,172.19.0.4,160,TCP,8000
25.06989288330078,172.19.0.4,172.19.0.3,66,TCP,35792
25.12150287628174,172.19.0.3,172.19.0.4,160,TCP,8000
25.121520042419434,172.19.0.4,172.19.0.3,66,TCP,35792
25.224514961242676,172.19.0.3,172.19.0.4,161,TCP,8000
25.22453284263611,172.19.0.4,172.19.0.3,66,TCP,35792
25.275897979736328,172.19.0.3,172.19.0.4,160,TCP,8000
25.275914907455444,172.19.0.4,172.19.0.3,66,TCP,35792
25.327363967895508,172.19.0.3,172.19.0.4,161,TCP,8000
25.327379941940308,172.19.0.4,172.19.0.3,66,TCP,35792
25.378902912139893,172.19.0.3,172.19.0.4,159,TCP,8000
25.378918886184692,172.19.0.4,172.19.0.3,66,TCP,35792
25.43312096595764,172.19.0.3,172.19.0.4,161,TCP,8000
25.43314480781555,172.19.0.4,172.19.0.3,66,TCP,35792
25.48578190803528,172.19.0.3,172.19.0.4,161,TCP,8000
25.485801935195923,172.19.0.4,172.19.0.3,66,TCP,35792
25.53926992416382,172.19.0.3,172.19.0.4,164,TCP,8000
25.539288997650146,172.19.0.4,172.19.0.3,66,TCP,35792
25.59136390686035,172.19.0.3,172.19.0.4,160,TCP,8000
25.591382026672363,172.19.0.4,172.19.0.3,66,TCP,35792
25.64357280731201,172.19.0.3,172.19.0.4,163,TCP,8000
25.643597841262817,172.19.0.4,172.19.0.3,66,TCP,35792
25.748267889022827,172.19.0.3,172.19.0.4,160,TCP,8000
25.748315811157227,172.19.0.4,172.19.0.3,66,TCP,35792
25.800877809524536,172.19.0.3,172.19.0.4,160,TCP,8000
25.80099892616272,172.19.0.4,172.19.0.3,66,TCP,35792
25.852752923965454,172.19.0.3,172.19.0.4,159,TCP,8000
25.852881908416748,172.19.0.4,172.19.0.3,66,TCP,35792
25.956626892089844,172.19.0.3,172.19.0.4,161,TCP,8000
25.956751823425293,172.19.0.4,172.19.0.3,66,TCP,35792
26.00846290588379,172.19.0.3,172.19.0.4,162,TCP,8000
26.008584022521973,172.19.0.4,172.19.0.3,66,TCP,35792
26.060393810272217,172.19.0.3,172.19.0.4,160,TCP,8000
26.060518980026245,172.19.0.4,172.19.0.3,66,TCP,35792
26.112149953842163,172.19.0.3,172.19.0.4,162,TCP,8000
26.112267017364502,172.19.0.4,172.19.0.3,66,TCP,35792
26.164121866226196,172.19.0.3,172.19.0.4,160,TCP,8000
26.164252042770386,172.19.0.4,172.19.0.3,66,TCP,35792
26.215982913970947,172.19.0.3,172.19.0.4,165,TCP,8000
26.21610689163208,172.19.0.4,172.19.0.3,66,TCP,35792
26.272543907165527,172.19.0.3,172.19.0.4,160,TCP,8000
26.272673845291138,172.19.0.4,172.19.0.3,66,TCP,35792
26.324646949768066,172.19.0.3,172.19.0.4,161,TCP,8000
26.324781894683838,172.19.0.4,172.19.0.3,66,TCP,35792
26.42866086959839,172.19.0.3,172.19.0.4,162,TCP,8000
26.428791999816895,172.19.0.4,172.19.0.3,66,TCP,35792
26.480429887771606,172.19.0.3,172.19.0.4,158,TCP,8000
26.480548858642578,172.19.0.4,172.19.0.3,66,TCP,35792
26.58433985710144,172.19.0.3,172.19.0.4,161,TCP,8000
26.58446192741394,172.19.0.4,172.19.0.3,66,TCP,35792
26.636217832565308,172.19.0.3,172.19.0.4,161,TCP,8000
26.636343955993652,172.19.0.4,172.19.0.3,66,TCP,35792
26.688294887542725,172.19.0.3,172.19.0.4,164,TCP,8000
26.68842601776123,172.19.0.4,172.19.0.3,66,TCP,35792
26.740365982055664,172.19.0.3,172.19.0.4,159,TCP,8000
26.74048900604248,172.19.0.4,172.19.0.3,66,TCP,35792
26.792425870895386,172.19.0.3,172.19.0.4,164,TCP,8000
26.792546033859253,172.19.0.4,172.19.0.3,66,TCP,35792
26.84446096420288,172.19.0.3,172.19.0.4,162,TCP,8000
26.844584941864014,172.19.0.4,172.19.0.3,66,TCP,35792
26.89657497406006,172.19.0.3,172.19.0.4,163,TCP,8000
26.896700859069824,172.19.0.4,172.19.0.3,66,TCP,35792
26.94861602783203,172.19.0.3,172.19.0.4,162,TCP,8000
26.94873881340027,172.19.0.4,172.19.0.3,66,TCP,35792
27.000749826431274,172.19.0.3,172.19.0.4,159,TCP,8000
27.000876903533936,172.19.0.4,172.19.0.3,66,TCP,35792
27.056074857711792,172.19.0.3,172.19.0.4,164,TCP,8000
27.05621099472046,172.19.0.4,172.19.0.3,66,TCP,35792
27.108657836914062,172.19.0.3,172.19.0.4,159,TCP,8000
27.108779907226562,172.19.0.4,172.19.0.3,66,TCP,35792
27.160801887512207,172.19.0.3,172.19.0.4,166,TCP,8000
27.16091799736023,172.19.0.4,172.19.0.3,66,TCP,35792
27.212841987609863,172.19.0.3,172.19.0.4,159,TCP,8000
27.212966918945312,172.19.0.4,172.19.0.3,66,TCP,35792
27.264752864837646,172.19.0.3,172.19.0.4,165,TCP,8000
27.264879941940308,172.19.0.4,172.19.0.3,66,TCP,35792
27.37123394012451,172.19.0.3,172.19.0.4,169,TCP,8000
27.371361017227173,172.19.0.4,172.19.0.3,66,TCP,35792
27.4240620136261,172.19.0.3,172.19.0.4,159,TCP,8000
27.42418599128723,172.19.0.4,172.19.0.3,66,TCP,35792
27.528153896331787,172.19.0.3,172.19.0.4,167,TCP,8000
27.528281927108765,172.19.0.4,172.19.0.3,66,TCP,35792
27.580140829086304,172.19.0.3,172.19.0.4,158,TCP,8000
27.580265998840332,172.19.0.4,172.19.0.3,66,TCP,35792
27.632200956344604,172.19.0.3,172.19.0.4,165,TCP,8000
27.63232398033142,172.19.0.4,172.19.0.3,66,TCP,35792
27.684531927108765,172.19.0.3,172.19.0.4,162,TCP,8000
27.684656858444214,172.19.0.4,172.19.0.3,66,TCP,35792
27.736783027648926,172.19.0.3,172.19.0.4,163,TCP,8000
27.736913919448853,172.19.0.4,172.19.0.3,66,TCP,35792
27.789166927337646,172.19.0.3,172.19.0.4,167,TCP,8000
27.78928303718567,172.19.0.4,172.19.0.3,66,TCP,35792
27.843827962875366,172.19.0.3,172.19.0.4,159,TCP,8000
27.843955993652344,172.19.0.4,172.19.0.3,66,TCP,35792
27.895954847335815,172.19.0.3,172.19.0.4,162,TCP,8000
27.89607882499695,172.19.0.4,172.19.0.3,66,TCP,35792
27.94798994064331,172.19.0.3,172.19.0.4,164,TCP,8000
27.94810700416565,172.19.0.4,172.19.0.3,66,TCP,35792
28.00005602836609,172.19.0.3,172.19.0.4,166,TCP,8000
28.00017285346985,172.19.0.4,172.19.0.3,66,TCP,35792
28.05209493637085,172.19.0.3,172.19.0.4,159,TCP,8000
28.052220821380615,172.19.0.4,172.19.0.3,66,TCP,35792
28.10411286354065,172.19.0.3,172.19.0.4,160,TCP,8000
28.104238033294678,172.19.0.4,172.19.0.3,66,TCP,35792
28.156013011932373,172.19.0.3,172.19.0.4,161,TCP,8000
28.15613102912903,172.19.0.4,172.19.0.3,66,TCP,35792
28.20803999900818,172.19.0.3,172.19.0.4,164,TCP,8000
28.20818781852722,172.19.0.4,172.19.0.3,66,TCP,35792
28.260365962982178,172.19.0.3,172.19.0.4,162,TCP,8000
28.26049494743347,172.19.0.4,172.19.0.3,66,TCP,35792
28.312501907348633,172.19.0.3,172.19.0.4,159,TCP,8000
28.312620878219604,172.19.0.4,172.19.0.3,66,TCP,35792
28.364709854125977,172.19.0.3,172.19.0.4,164,TCP,8000
28.36483383178711,172.19.0.4,172.19.0.3,66,TCP,35792
28.41690492630005,172.19.0.3,172.19.0.4,158,TCP,8000
28.41703701019287,172.19.0.4,172.19.0.3,66,TCP,35792
28.46946692466736,172.19.0.3,172.19.0.4,161,TCP,8000
28.469507932662964,172.19.0.4,172.19.0.3,66,TCP,35792
28.57348895072937,172.19.0.3,172.19.0.4,162,TCP,8000
28.573626041412354,172.19.0.4,172.19.0.3,66,TCP,35792
28.62669086456299,172.19.0.3,172.19.0.4,162,TCP,8000
28.626739025115967,172.19.0.4,172.19.0.3,66,TCP,35792
28.680323839187622,172.19.0.3,172.19.0.4,159,TCP,8000
28.68044090270996,172.19.0.4,172.19.0.3,66,TCP,35792
28.73244881629944,172.19.0.3,172.19.0.4,158,TCP,8000
28.732569932937622,172.19.0.4,172.19.0.3,66,TCP,35792
28.784632921218872,172.19.0.3,172.19.0.4,163,TCP,8000
28.784677028656006,172.19.0.4,172.19.0.3,66,TCP,35792
28.83662986755371,172.19.0.3,172.19.0.4,164,TCP,8000
28.836755990982056,172.19.0.4,172.19.0.3,66,TCP,35792
28.88867497444153,172.19.0.3,172.19.0.4,161,TCP,8000
28.888718843460083,172.19.0.4,172.19.0.3,66,TCP,35792
28.940855979919434,172.19.0.3,172.19.0.4,160,TCP,8000
28.940985918045044,172.19.0.4,172.19.0.3,66,TCP,35792
28.992823839187622,172.19.0.3,172.19.0.4,159,TCP,8000
28.992947816848755,172.19.0.4,172.19.0.3,66,TCP,35792
29.044943809509277,172.19.0.3,172.19.0.4,163,TCP,8000
29.045068979263306,172.19.0.4,172.19.0.3,66,TCP,35792
29.10001492500305,172.19.0.3,172.19.0.4,167,TCP,8000
29.10013699531555,172.19.0.4,172.19.0.3,66,TCP,35792
29.209231853485107,172.19.0.3,172.19.0.4,160,TCP,8000
29.209364891052246,172.19.0.4,172.19.0.3,66,TCP,35792
29.3142569065094,172.19.0.3,172.19.0.4,165,TCP,8000
29.314388036727905,172.19.0.4,172.19.0.3,66,TCP,35792
29.41815495491028,172.19.0.3,172.19.0.4,162,TCP,8000
29.418285846710205,172.19.0.4,172.19.0.3,66,TCP,35792
29.47306203842163,172.19.0.3,172.19.0.4,160,TCP,8000
29.473192930221558,172.19.0.4,172.19.0.3,66,TCP,35792
29.52507996559143,172.19.0.3,172.19.0.4,159,TCP,8000
29.525205850601196,172.19.0.4,172.19.0.3,66,TCP,35792
29.57719898223877,172.19.0.3,172.19.0.4,161,TCP,8000
29.57732391357422,172.19.0.4,172.19.0.3,66,TCP,35792
29.629356861114502,172.19.0.3,172.19.0.4,158,TCP,8000
29.62948703765869,172.19.0.4,172.19.0.3,66,TCP,35792
29.681823015213013,172.19.0.3,172.19.0.4,165,TCP,8000
29.68193793296814,172.19.0.4,172.19.0.3,66,TCP,35792
29.733908891677856,172.19.0.3,172.19.0.4,161,TCP,8000
29.734027862548828,172.19.0.4,172.19.0.3,66,TCP,35792
29.78590703010559,172.19.0.3,172.19.0.4,167,TCP,8000
29.78603482246399,172.19.0.4,172.19.0.3,66,TCP,35792
29.83794903755188,172.19.0.3,172.19.0.4,160,TCP,8000
29.837994813919067,172.19.0.4,172.19.0.3,66,TCP,35792
29.890270948410034,172.19.0.3,172.19.0.4,166,TCP,8000
29.8903968334198,172.19.0.4,172.19.0.3,66,TCP,35792
29.942688941955566,172.19.0.3,172.19.0.4,159,TCP,8000
29.942814826965332,172.19.0.4,172.19.0.3,66,TCP,35792
29.994979858398438,172.19.0.3,172.19.0.4,158,TCP,8000
29.995102882385254,172.19.0.4,172.19.0.3,66,TCP,35792
30.047382831573486,172.19.0.3,172.19.0.4,163,TCP,8000
30.047508001327515,172.19.0.4,172.19.0.3,66,TCP,35792
30.09952998161316,172.19.0.3,172.19.0.4,162,TCP,8000
30.09964680671692,172.19.0.4,172.19.0.3,66,TCP,35792
30.203459978103638,172.19.0.3,172.19.0.4,167,TCP,8000
30.203589916229248,172.19.0.4,172.19.0.3,66,TCP,35792
30.259279012680054,172.19.0.3,172.19.0.4,160,TCP,8000
30.259416818618774,172.19.0.4,172.19.0.3,66,TCP,35792
30.311293840408325,172.19.0.3,172.19.0.4,165,TCP,8000
30.311425924301147,172.19.0.4,172.19.0.3,66,TCP,35792
30.363236904144287,172.19.0.3,172.19.0.4,162,TCP,8000
30.363353967666626,172.19.0.4,172.19.0.3,66,TCP,35792
30.415320873260498,172.19.0.3,172.19.0.4,161,TCP,8000
30.415442943572998,172.19.0.4,172.19.0.3,66,TCP,35792
30.46769404411316,172.19.0.3,172.19.0.4,163,TCP,8000
30.467818021774292,172.19.0.4,172.19.0.3,66,TCP,35792
30.519840955734253,172.19.0.3,172.19.0.4,167,TCP,8000
30.519965887069702,172.19.0.4,172.19.0.3,66,TCP,35792
30.572021007537842,172.19.0.3,172.19.0.4,161,TCP,8000
30.572147846221924,172.19.0.4,172.19.0.3,66,TCP,35792
30.624332904815674,172.19.0.3,172.19.0.4,164,TCP,8000
30.624464988708496,172.19.0.4,172.19.0.3,66,TCP,35792
30.677223920822144,172.19.0.3,172.19.0.4,164,TCP,8000
30.677347898483276,172.19.0.4,172.19.0.3,66,TCP,35792
30.729378938674927,172.19.0.3,172.19.0.4,162,TCP,8000
30.729506015777588,172.19.0.4,172.19.0.3,66,TCP,35792
30.7814040184021,172.19.0.3,172.19.0.4,159,TCP,8000
30.781533002853394,172.19.0.4,172.19.0.3,66,TCP,35792
30.833480834960938,172.19.0.3,172.19.0.4,164,TCP,8000
30.83360004425049,172.19.0.4,172.19.0.3,66,TCP,35792
30.88640284538269,172.19.0.3,172.19.0.4,160,TCP,8000
30.886526823043823,172.19.0.4,172.19.0.3,66,TCP,35792
30.938665866851807,172.19.0.3,172.19.0.4,161,TCP,8000
30.938791036605835,172.19.0.4,172.19.0.3,66,TCP,35792
31.046025037765503,172.19.0.3,172.19.0.4,162,TCP,8000
31.046156883239746,172.19.0.4,172.19.0.3,66,TCP,35792
31.098297834396362,172.19.0.3,172.19.0.4,162,TCP,8000
31.09842801094055,172.19.0.4,172.19.0.3,66,TCP,35792
31.15065097808838,172.19.0.3,172.19.0.4,159,TCP,8000
31.15080189704895,172.19.0.4,172.19.0.3,66,TCP,35792
31.20288395881653,172.19.0.3,172.19.0.4,161,TCP,8000
31.203008890151978,172.19.0.4,172.19.0.3,66,TCP,35792
31.25493597984314,172.19.0.3,172.19.0.4,160,TCP,8000
31.25505781173706,172.19.0.4,172.19.0.3,66,TCP,35792
31.307158946990967,172.19.0.3,172.19.0.4,162,TCP,8000
31.307288885116577,172.19.0.4,172.19.0.3,66,TCP,35792
31.359544038772583,172.19.0.3,172.19.0.4,163,TCP,8000
31.35967493057251,172.19.0.4,172.19.0.3,66,TCP,35792
31.732609033584595,172.19.0.3,172.19.0.4,159,TCP,8000
31.732635021209717,172.19.0.4,172.19.0.3,66,TCP,35792
31.892103910446167,172.19.0.3,172.19.0.4,159,TCP,8000
31.89212989807129,172.19.0.4,172.19.0.3,66,TCP,35792
31.9439959526062,172.19.0.3,172.19.0.4,159,TCP,8000
31.944015979766846,172.19.0.4,172.19.0.3,66,TCP,35792
31.995561838150024,172.19.0.3,172.19.0.4,161,TCP,8000
31.99557900428772,172.19.0.4,172.19.0.3,66,TCP,35792
32.09981989860535,172.19.0.3,172.19.0.4,163,TCP,8000
32.09984493255615,172.19.0.4,172.19.0.3,66,TCP,35792
32.15142798423767,172.19.0.3,172.19.0.4,160,TCP,8000
32.15144395828247,172.19.0.4,172.19.0.3,66,TCP,35792
32.203080892562866,172.19.0.3,172.19.0.4,165,TCP,8000
32.203096866607666,172.19.0.4,172.19.0.3,66,TCP,35792
32.25463581085205,172.19.0.3,172.19.0.4,162,TCP,8000
32.254652976989746,172.19.0.4,172.19.0.3,66,TCP,35792
32.30621004104614,172.19.0.3,172.19.0.4,163,TCP,8000
32.30622696876526,172.19.0.4,172.19.0.3,66,TCP,35792
32.46092700958252,172.19.0.3,172.19.0.4,159,TCP,8000
32.4609489440918,172.19.0.4,172.19.0.3,66,TCP,35792
32.51262903213501,172.19.0.3,172.19.0.4,160,TCP,8000
32.51264691352844,172.19.0.4,172.19.0.3,66,TCP,35792
32.56515884399414,172.19.0.3,172.19.0.4,160,TCP,8000
32.56518197059631,172.19.0.4,172.19.0.3,66,TCP,35792
32.617456912994385,172.19.0.3,172.19.0.4,166,TCP,8000
32.6174738407135,172.19.0.4,172.19.0.3,66,TCP,35792
32.6735098361969,172.19.0.3,172.19.0.4,162,TCP,8000
32.673532009124756,172.19.0.4,172.19.0.3,66,TCP,35792
32.725663900375366,172.19.0.3,172.19.0.4,162,TCP,8000
32.725685834884644,172.19.0.4,172.19.0.3,66,TCP,35792
32.7781138420105,172.19.0.3,172.19.0.4,162,TCP,8000
32.77813100814819,172.19.0.4,172.19.0.3,66,TCP,35792
32.830092906951904,172.19.0.3,172.19.0.4,159,TCP,8000
32.830219984054565,172.19.0.4,172.19.0.3,66,TCP,35792
32.93416786193848,172.19.0.3,172.19.0.4,164,TCP,8000
32.93429493904114,172.19.0.4,172.19.0.3,66,TCP,35792
32.98620390892029,172.19.0.3,172.19.0.4,168,TCP,8000
32.98633003234863,172.19.0.4,172.19.0.3,66,TCP,35792
33.0382080078125,172.19.0.3,172.19.0.4,160,TCP,8000
33.03833603858948,172.19.0.4,172.19.0.3,66,TCP,35792
33.09033799171448,172.19.0.3,172.19.0.4,164,TCP,8000
33.09045386314392,172.19.0.4,172.19.0.3,66,TCP,35792
33.142212867736816,172.19.0.3,172.19.0.4,165,TCP,8000
33.14233684539795,172.19.0.4,172.19.0.3,66,TCP,35792
33.19418382644653,172.19.0.3,172.19.0.4,159,TCP,8000
33.19431185722351,172.19.0.4,172.19.0.3,66,TCP,35792
33.24606895446777,172.19.0.3,172.19.0.4,160,TCP,8000
33.24619793891907,172.19.0.4,172.19.0.3,66,TCP,35792
33.32145380973816,172.19.0.3,172.19.0.4,160,TCP,8000
33.32157897949219,172.19.0.4,172.19.0.3,66,TCP,35792
33.373584032058716,172.19.0.3,172.19.0.4,162,TCP,8000
33.373708963394165,172.19.0.4,172.19.0.3,66,TCP,35792
33.427111864089966,172.19.0.3,172.19.0.4,165,TCP,8000
33.42716097831726,172.19.0.4,172.19.0.3,66,TCP,35792
33.533989906311035,172.19.0.3,172.19.0.4,159,TCP,8000
33.5341260433197,172.19.0.4,172.19.0.3,66,TCP,35792
33.63815903663635,172.19.0.3,172.19.0.4,165,TCP,8000
33.63828492164612,172.19.0.4,172.19.0.3,66,TCP,35792
33.69005990028381,172.19.0.3,172.19.0.4,166,TCP,8000
33.69018793106079,172.19.0.4,172.19.0.3,66,TCP,35792
33.7421178817749,172.19.0.3,172.19.0.4,159,TCP,8000
33.74223589897156,172.19.0.4,172.19.0.3,66,TCP,35792
33.7940719127655,172.19.0.3,172.19.0.4,158,TCP,8000
33.79419994354248,172.19.0.4,172.19.0.3,66,TCP,35792
33.845906019210815,172.19.0.3,172.19.0.4,165,TCP,8000
33.8460328578949,172.19.0.4,172.19.0.3,66,TCP,35792
33.89783191680908,172.19.0.3,172.19.0.4,161,TCP,8000
33.8979549407959,172.19.0.4,172.19.0.3,66,TCP,35792
33.94973397254944,172.19.0.3,172.19.0.4,159,TCP,8000
33.94986295700073,172.19.0.4,172.19.0.3,66,TCP,35792
34.00170183181763,172.19.0.3,172.19.0.4,165,TCP,8000
34.00182485580444,172.19.0.4,172.19.0.3,66,TCP,35792
34.05354380607605,172.19.0.3,172.19.0.4,168,TCP,8000
34.05366897583008,172.19.0.4,172.19.0.3,66,TCP,35792
34.105549812316895,172.19.0.3,172.19.0.4,161,TCP,8000
34.10567498207092,172.19.0.4,172.19.0.3,66,TCP,35792
34.15783190727234,172.19.0.3,172.19.0.4,163,TCP,8000
34.157958030700684,172.19.0.4,172.19.0.3,66,TCP,35792
34.209928035736084,172.19.0.3,172.19.0.4,159,TCP,8000
34.21005392074585,172.19.0.4,172.19.0.3,66,TCP,35792
34.26483201980591,172.19.0.3,172.19.0.4,159,TCP,8000
34.26495981216431,172.19.0.4,172.19.0.3,66,TCP,35792
34.318246841430664,172.19.0.3,172.19.0.4,162,TCP,8000
34.31836700439453,172.19.0.4,172.19.0.3,66,TCP,35792
34.37040185928345,172.19.0.3,172.19.0.4,164,TCP,8000
34.370527029037476,172.19.0.4,172.19.0.3,66,TCP,35792
34.42242383956909,172.19.0.3,172.19.0.4,165,TCP,8000
34.42254400253296,172.19.0.4,172.19.0.3,66,TCP,35792
34.47429084777832,172.19.0.3,172.19.0.4,159,TCP,8000
34.474424839019775,172.19.0.4,172.19.0.3,66,TCP,35792
34.526203870773315,172.19.0.3,172.19.0.4,165,TCP,8000
34.52632999420166,172.19.0.4,172.19.0.3,66,TCP,35792
34.57842397689819,172.19.0.3,172.19.0.4,161,TCP,8000
34.57854104042053,172.19.0.4,172.19.0.3,66,TCP,35792
34.63043284416199,172.19.0.3,172.19.0.4,161,TCP,8000
34.63055896759033,172.19.0.4,172.19.0.3,66,TCP,35792
34.68255591392517,172.19.0.3,172.19.0.4,161,TCP,8000
34.68267583847046,172.19.0.4,172.19.0.3,66,TCP,35792
34.734678983688354,172.19.0.3,172.19.0.4,164,TCP,8000
34.73480486869812,172.19.0.4,172.19.0.3,66,TCP,35792
34.890697956085205,172.19.0.3,172.19.0.4,169,TCP,8000
34.89083194732666,172.19.0.4,172.19.0.3,66,TCP,35792
34.94305396080017,172.19.0.3,172.19.0.4,161,TCP,8000
34.94319295883179,172.19.0.4,172.19.0.3,66,TCP,35792
34.995112895965576,172.19.0.3,172.19.0.4,160,TCP,8000
34.99523591995239,172.19.0.4,172.19.0.3,66,TCP,35792
35.05093288421631,172.19.0.3,172.19.0.4,164,TCP,8000
35.05106592178345,172.19.0.4,172.19.0.3,66,TCP,35792
35.1031768321991,172.19.0.3,172.19.0.4,159,TCP,8000
35.10330295562744,172.19.0.4,172.19.0.3,66,TCP,35792
35.15527582168579,172.19.0.3,172.19.0.4,160,TCP,8000
35.1554000377655,172.19.0.4,172.19.0.3,66,TCP,35792
35.20729088783264,172.19.0.3,172.19.0.4,165,TCP,8000
35.20742201805115,172.19.0.4,172.19.0.3,66,TCP,35792
35.311163902282715,172.19.0.3,172.19.0.4,165,TCP,8000
35.31128692626953,172.19.0.4,172.19.0.3,66,TCP,35792
35.415329933166504,172.19.0.3,172.19.0.4,161,TCP,8000
35.415457010269165,172.19.0.4,172.19.0.3,66,TCP,35792
35.467445850372314,172.19.0.3,172.19.0.4,161,TCP,8000
35.46757102012634,172.19.0.4,172.19.0.3,66,TCP,35792
35.519516944885254,172.19.0.3,172.19.0.4,164,TCP,8000
35.51963782310486,172.19.0.4,172.19.0.3,66,TCP,35792
35.57165789604187,172.19.0.3,172.19.0.4,162,TCP,8000
35.571789026260376,172.19.0.4,172.19.0.3,66,TCP,35792
35.62386894226074,172.19.0.3,172.19.0.4,163,TCP,8000
35.62399101257324,172.19.0.4,172.19.0.3,66,TCP,35792
35.676393032073975,172.19.0.3,172.19.0.4,162,TCP,8000
35.67651700973511,172.19.0.4,172.19.0.3,66,TCP,35792
35.728840827941895,172.19.0.3,172.19.0.4,162,TCP,8000
35.728978872299194,172.19.0.4,172.19.0.3,66,TCP,35792
35.78303289413452,172.19.0.3,172.19.0.4,160,TCP,8000
35.7831609249115,172.19.0.4,172.19.0.3,66,TCP,35792
35.838244915008545,172.19.0.3,172.19.0.4,162,TCP,8000
35.83836889266968,172.19.0.4,172.19.0.3,66,TCP,35792
35.89034295082092,172.19.0.3,172.19.0.4,160,TCP,8000
35.89045786857605,172.19.0.4,172.19.0.3,66,TCP,35792
35.94240093231201,172.19.0.3,172.19.0.4,165,TCP,8000
35.94252586364746,172.19.0.4,172.19.0.3,66,TCP,35792
36.04827880859375,172.19.0.3,172.19.0.4,161,TCP,8000
36.04840302467346,172.19.0.4,172.19.0.3,66,TCP,35792
36.100257873535156,172.19.0.3,172.19.0.4,160,TCP,8000
36.10038781166077,172.19.0.4,172.19.0.3,66,TCP,35792
36.15232801437378,172.19.0.3,172.19.0.4,161,TCP,8000
36.15245795249939,172.19.0.4,172.19.0.3,66,TCP,35792
36.21874690055847,172.19.0.3,172.19.0.4,164,TCP,8000
36.21886992454529,172.19.0.4,172.19.0.3,66,TCP,35792
36.27164387702942,172.19.0.3,172.19.0.4,161,TCP,8000
36.27176785469055,172.19.0.4,172.19.0.3,66,TCP,35792
36.3240749835968,172.19.0.3,172.19.0.4,160,TCP,8000
36.32420802116394,172.19.0.4,172.19.0.3,66,TCP,35792
36.37692189216614,172.19.0.3,172.19.0.4,165,TCP,8000
36.37704682350159,172.19.0.4,172.19.0.3,66,TCP,35792
36.42917084693909,172.19.0.3,172.19.0.4,159,TCP,8000
36.42928886413574,172.19.0.4,172.19.0.3,66,TCP,35792
36.48150300979614,172.19.0.3,172.19.0.4,162,TCP,8000
36.48164200782776,172.19.0.4,172.19.0.3,66,TCP,35792
36.5336058139801,172.19.0.3,172.19.0.4,160,TCP,8000
36.533730030059814,172.19.0.4,172.19.0.3,66,TCP,35792
36.58574104309082,172.19.0.3,172.19.0.4,163,TCP,8000
36.5858588218689,172.19.0.4,172.19.0.3,66,TCP,35792
36.69294095039368,172.19.0.3,172.19.0.4,163,TCP,8000
36.693065881729126,172.19.0.3,172.19.0.4,85,TCP,8000
36.69306993484497,172.19.0.4,172.19.0.3,66,TCP,35792
36.693217039108276,172.19.0.4,172.19.0.3,66,TCP,35792
36.693228006362915,172.19.0.3,172.19.0.4,71,TCP,8000
36.69327783584595,172.19.0.4,172.19.0.3,66,TCP,35792
